<!DOCTYPE html>
<html>
<head>
	<title>Travel Ticket</title>
	<style>
		body {
				background-image: url("C:/Users/ANAND/OneDrive/Desktop/TRAVEL-WEBSITE/bg3.jpg");
				background-repeat: no-repeat;
				background-size: cover;
			}
			#dialog-overlay {
				position: fixed;
				top: 0;
				left: 0;
				width: 100%;
				height: 100%;
				background-color: rgba(0, 0, 0, 0.5);
				display: flex;
				justify-content: center;
				align-items: center;
				z-index: 9999;
			}
		
			#dialog-box {
				background-color: white;
				padding: 20px;
				border-radius: 5px;
				text-align: center;
			}
		
			#dialog-box label {
				display: block;
				margin-bottom: 10px;
			}
		
			#dialog-box input[type="text"],
			#dialog-box input[type="date"],
			#dialog-box input[type="number"],
			#dialog-box input[type="email"],
			#dialog-box input[type="tel"],
			#dialog-box select {
				display: block;
				margin-bottom: 10px;
				padding: 5px;
				border-radius: 5px;
				border: none;
				box-shadow: inset 0 0 5px rgba(0, 0, 0, 0.2);
				width: 100%;
				font-size: 16px;
			}
		
			#dialog-box button {
				display: block;
				margin: 10px auto;
				padding: 10px;
				border-radius: 5px;
				border: none;
				background-color: #008CBA;
				color: white;
				font-size: 16px;
				cursor: pointer;
			}
			#dialog-box input[type="text"]#customer-name,
			#dialog-box input[type="email"]#customer-email,
			#dialog-box input[type="tel"]#customer-mobile {
				background-color: #F2F2F2;
			}
			.error {
				color: red;
				font-size: 0.8rem;
			}
			</style>
</head>
<body>
	<!-- Content of the book_ticket.html page -->
	<div id="dialog-overlay">
		<div id="dialog-box">
			<h2>Book your travel ticket</h2>
			<form action="{{ url_for('booking_confirm_message') }}" method="POST">
				<label for="customer-name">Customer Name:</label>
				<input type="text" id="customer-name" name="customer-name" placeholder="Enter customer name">
				<span id="name-error" class="error"></span>
				<label for="customer-email">Enter your Email:</label>
				<input type="email" id="customer-email" placeholder="Enter your email">
				<span id="email-error" class="error"></span>
				<label for="customer-mobile">Enter your Mobile Number:</label>
				<input type="tel" id="customer-mobile" placeholder="Enter your mobile number">
				<span id="mobile-error" class="error"></span>
				<!-- Form fields here -->
				<label for="origin">From:</label>
				<select id="origin">
					<option value="" disabled selected>Select origin city</option>
					<!-- Populate Indian city names dynamically -->
				</select>
				<span id="origin-error" class="error"></span>
				<label for="destination">To:</label>
				<select id="destination">
					<option value="" disabled selected>Select destination city</option>
					<!-- Populate Indian city names dynamically -->
				</select>
				<span id="destination-error" class="error"></span>
				<label for="date">Date of travel:</label>
				<input type="date" id="date">
				<span id="date-error" class="error"></span>
				<label for="passengers">Number of passengers:</label>
				<input type="text" id="passengers" placeholder="Enter number of passengers">
				<span id="passengers-error" class="error"></span>
				<label for="price">Price:</label>
				<input type="text" id="price" name="price" readonly>
				<button type="submit">Book Now</button>
			</form>
		</div>
	</div>
	<script>
const indianCities = [
  "Mumbai",
  "Delhi",
  "Bengaluru",
  "Kolkata",
  "Chennai",
  "Ahmedabad",
  "Hyderabad",
  "Pune",
  "Jaipur",
  "Lucknow",
  "Patna",
  "Visakhapatnam",
  "Varanasi",
  "Chandigarh",
  "Kochi",
];
const distanceMatrix = [
  [0, 1152, 981, 1665, 1345, 523, 711, 148, 1157, 1485, 1548, 1707, 1519, 1419, 1392, 1913],
  [1152, 0, 1740, 1470, 2194, 911, 1445, 1167, 270, 552, 1040, 1834, 721, 246, 2185, 1659],
  [981, 1740, 0, 1871, 346, 1493, 569, 842, 1897, 2010, 1996, 1120, 1870, 2149, 2196, 1649],
  [1665, 1470, 1871, 0, 1668, 2049, 1660, 1463, 2140, 764, 321, 977, 1111, 1532, 2066, 385],
  [1345, 2194, 346, 1668, 0, 1829, 625, 1210, 1766, 2132, 2044, 1187, 2079, 2204, 1791, 1659],
  [523, 911, 1493, 2049, 1829, 0, 1431, 597, 675, 1302, 1733, 2235, 1596, 1101, 2038, 1984],
  [711, 1445, 569, 1660, 625, 1431, 0, 545, 1622, 1406, 1363, 784, 1342, 1613, 1080, 1173],
  [148, 1167, 842, 1463, 1210, 597, 545, 0, 1149, 1344, 1471, 1660, 1355, 1293, 1343, 1764],
  [1157, 270, 1897, 2140, 1766, 675, 1622, 1149, 0, 605, 993, 1787, 503, 427, 1905, 1509],
  [1485, 552, 2010, 764, 2132, 1302, 1406, 1344, 605, 0, 599, 1612, 825, 653, 2200, 1071],
  [1548, 1040, 1996, 321, 2044, 1733, 1363, 1471, 993, 599, 0, 1317, 758, 1121, 2186, 394],
  [1707, 1834, 1120, 977, 1187, 2235, 784, 1660, 1787, 1612, 1317, 0, 1343, 1881, 2077, 1225],
  [1519, 721, 1870, 1111, 2079, 1596, 1342, 1355, 503, 825, 758, 1343, 0, 867, 1910, 1026],
  [1419, 246, 2149, 1532, 2204, 1101, 1613, 1293, 427, 653, 1121, 1881, 867, 0, 2170, 1442],
  [1392, 2185, 2196, 2066, 1791, 2038, 1080, 1343, 1905, 2200, 2186, 2077, 1910, 2170, 0, 1857],
  [1913, 1659, 1649, 385, 1659, 1984, 1173, 1764, 1509, 1071, 394, 1225, 1026, 1442, 1857, 0]
];
const priceMatrix = [
  [0, 5000, 4500, 5200, 4900, 3800, 4200, 3500, 4800, 5000, 4800, 5100, 5000, 4700, 4500, 5100],
  [5000, 0, 4800, 4600, 5200, 4500, 4800, 4700, 4000, 4200, 4500, 4800, 4000, 3800, 5100, 4700],
  [4500, 4800, 0, 5200, 3800, 5100, 4200, 4500, 5200, 5300, 5000, 4700, 5200, 5400, 5500, 5100],
  [5200, 4600, 5200, 0, 5300, 5200, 5100, 4900, 5300, 4400, 4200, 4600, 4800, 5000, 5300, 4200],
  [4900, 5200, 3800, 5300, 0, 5200, 4200, 4800, 5300, 5200, 5000, 4700, 5300, 5400, 5000, 4800],
  [3800, 4500, 5100, 5200, 5200, 0, 5000, 4000, 4100, 4800, 5100, 5300, 4800, 4700, 5300, 5200],
  [4200, 4800, 4200, 5100, 4200, 5000, 0, 4000, 5100, 4300, 4200, 4600, 5200, 5200, 4800, 4500],
  [3500, 4700, 4500, 4900, 4800, 4000, 4000, 0, 4700, 4900, 5200, 5100, 4800, 4700, 4800, 5200],
  [4800, 4000, 5200, 5300, 5300, 4100, 5100, 4700, 0, 4200, 4700, 5200, 4200, 4100, 5300, 4800],
  [5000, 4200, 5300, 4400, 5200, 4800, 4300, 4900, 4200, 0, 4400, 5100, 4400, 4200, 5400, 4100],
  [4800, 4500, 5000, 4200, 5000, 5100, 4200, 5200, 4700, 4400, 0, 5000, 4500, 4700, 5200, 4300],
  [5100, 4800, 4700, 4600, 4700, 5300, 4600, 5100, 5200, 5100, 5000, 0, 5100, 5300, 5500, 5200],
  [5000, 4000, 5200, 4800, 5300, 4800, 5200, 4800, 4200, 4400, 4500, 5100, 0, 5200, 5300, 4800],
  [4700, 3800, 5400, 5000, 5400, 4700, 5200, 4700, 4100, 4200, 4700, 5300, 5200, 0, 5400, 4500],
  [4500, 5100, 5500, 5300, 5000, 5300, 4800, 4800, 5300, 5400, 5200, 5500, 5300, 5400, 0, 5300],
  [5100, 4700, 5100, 4200, 4800, 5200, 4500, 5200, 4800, 4100, 4300, 5200, 4800, 4500, 5300, 0]
];
    const customerNameInput = document.getElementById("customer-name");
	const customerEmailInput = document.getElementById("customer-email");
	const customerMobileInput = document.getElementById("customer-mobile");
	const originSelect = document.getElementById("origin");
	const destinationSelect = document.getElementById("destination");
	const dateInput = document.getElementById("date");
	const currentDate = new Date();
	const passengersInput = document.getElementById("passengers");
	const priceInput = document.getElementById("price");
	function validateForm() {
		resetErrors();
		let isValid = true;
		if (customerNameInput.value === "") {
			displayError("name-error", "Please enter customer name");
			isValid = false;
		}
		if (customerEmailInput.value === "") {
			displayError("email-error", "Please enter your email");
			isValid = false;
		} else if (!isValidEmail(customerEmailInput.value)) {
			displayError("email-error", "Please enter a valid email address");
			isValid = false;
		}
		if (customerMobileInput.value === "") {
			displayError("mobile-error", "Please enter your mobile number");
			isValid = false;
		}
		if (originSelect.value === "") {
			displayError("origin-error", "Please select origin city");
			isValid = false;
		}
		if (destinationSelect.value === "") {
			displayError("destination-error", "Please select destination city");
			isValid = false;
		}
		if (dateInput.value === "") {
			displayError("date-error", "Please select date of travel");
			isValid = false;
		} else if (dateInput.value <= currentDate) {
			displayError("date-error", "Please select a valid date for travel");
			isValid = false;
		}
		if (passengersInput.value === "") {
			displayError("passengers-error", "Please enter number of passengers");
			isValid = false;
		}

		return isValid;
	}
	function resetErrors() {
		const errorElements = document.getElementsByClassName("error");
		for (let i = 0; i < errorElements.length; i++) {
			errorElements[i].textContent = "";
		}
	}
	function displayError(elementId, errorMessage) {
		const errorElement = document.getElementById(elementId);
		errorElement.textContent = errorMessage;
	}
	function isValidEmail(email) {
		// You can use a regular expression or any other method to validate the email format
		// Example regular expression: /^[^\s@]+@[^\s@]+\.[^\s@]+$/
		// Modify it as per your requirement
		return true;
	}
	function populateCityOptions() {
		indianCities.forEach(function (city) {
			const option = document.createElement("option");
			option.value = city;
			option.textContent = city;
			originSelect.appendChild(option.cloneNode(true));
			destinationSelect.appendChild(option);
		});
	}
	function calculatePrice() {
		const originIndex = originSelect.selectedIndex;
		const destinationIndex = destinationSelect.selectedIndex;
		const distance = distanceMatrix[originIndex][destinationIndex];
		const price = priceMatrix[originIndex][destinationIndex];
		priceInput.value = "Rs. " + price;
	}
	populateCityOptions();
	originSelect.addEventListener("change", calculatePrice);
	destinationSelect.addEventListener("change", calculatePrice);
	document.getElementById("booking-form").addEventListener("submit", function (event) {
		if (!validateForm()) {
			event.preventDefault(); // Prevent form submission if there are validation errors
		}
	});
	</script>
</body>
</html>
